5328
6340
9405
9937
5538
6702
7024
2467
1050
9202
1920
4396
2608
7813
5681
7059
3152
8558
6540
9834
1898
4350
4206
1780
7139
9774
3153
5320
9956
7715
6589
3291
4442
1534
5804
5635
488
1127
7488
3517
4672
2233
1521
827
6246
2919
94
7355
8434
5373
6308
4742
9442
940
4180
3638
4633
2212
8401
2546
3602
4994
6866
8934
2412
3625
7514
4998
5893
5242
4507
438
3798
6781
6083
5216
2843
2094
3326
5702
5537
2256
8734
9981
4367
4070
122
1386
8255
1682
5304
4643
9640
7199
1572
1981
5209
4400
6593
9337
2790
7788
3797
6492
1976
1713
8272
318
6258
3201
7924
4337
3393
8323
9837
7586
6549
7824
6152
149
3947
3794
4590
2560
9107
941
5733
9446
4326
1990
6493
9178
2045
6756
522
2742
6239
147
2045
9218
7769
5448
1602
6258
5686
1681
6535
4270
5989
7154
521
2689
1949
5804
9400
255
8415
1349
2303
3094
4637
4260
7130
8263
3321
9869
7643
678
1202
2866
9949
2171
2544
2683
6043
1085
9343
4064
3585
9099
6990
8978
1697
1580
9254
9439
2978
3090
7501
4514
7455
2383
9180
5482
7330
378
7059
4172
3772
5667
3500
8507
6731
3737
6499
7687
6548
1937
429
8464
9083
8707
3918
9050
3814
4250
4840
3038
2805
5684
3444
9846
3805
4914
5432
3690
5641
8158
8868
6153
4636
9719
5466
2513
9586
4074
1497
3511
464
6235
51
7322
8528
218
5555
2151
288
4292
9772
2391
1842
7118
9736
9888
8638
7805
7777
1804
5580
4396
6400
9026
3959
5884
1074
5657
8237
2852
202
4492
380
9751
5516
9226
1744
319
1363
3122
6909
1443
8333
7251
967
1574
3678
5265
6783
1766
2434
8401
9908
5905
7059
9747
6940
8999
4704
2595
4301
3466
6806
6245
5406
7097
2602
1262
449
2309
7413
9304
9851
2585
4308
3791
2603
1585
5876
2575
5185
7602
1525
2374
3735
108
5351
6312
6414
5335
2117
6824
4991
4187
9859
5351
4238
5845
7779
9660
5611
1296
7689
4133
5920
1534
3738
2163
8513
9476
23
6584
6518
4997
5698
5091
6418
7262
6570
731
4949
5103
9187
225
4007
9352
1885
6968
6334
1138
9423
7317
8197
8550
9078
5005
556
6363
2454
3335
484
1552
203
9355
3918
3203
4394
6988
1265
9402
192
7156
5381
121
2714
363
8568
8057
663
4904
6455
6590
9730
6269
7600
8331
5434
9623
5953
8136
7049
745
8450
3175
2711
2118
2609
2357
3719
5951
3942
6952
1543
8791
8926
5814
6877
3981
4706
3606
3339
9749
991
2585
5120
2826
7061
2928
8475
6778
1483
5194
3480
7105
5006
7522
2583
9239
3905
6437
878
1160
2427
6835
8743
606
6589
3722
3154
6271
1227
3469
7659
2603
5442
7966
590
9428
5470
1418
3592
5866
41
2479
1202
6572
7213
3861
4462
8912
4552
6857
6171
4423
9710
1938
7899
4005
1037
1581
8718
9116
83
5747
9297
1053
8036
3922
6402
1462
9785
5203
8320
7295
9951
8976
7251
4081
3654
9950
9097
9901
2580
7463
4978
9356
4337
1345
5362
9110
3731
1200
1584
2174
5380
648
4824
7499
8823
9430
3879
3390
4200
7509
4609
8270
5552
3178
9602
378
4091
7916
6864
9442
6651
2907
2380
7575
8550
678
6748
2767
1529
7963
6620
3430
1869
7436
2264
2535
9624
3226
5057
468
5624
8340
9250
4278
7224
949
3416
704
8078
8945
5291
6573
9440
2613
2291
4915
7668
6233
3186
1604
6574
8362
3592
5181
3457
5033
9248
4762
4003
3208
9021
4784
2090
1444
7335
9956
7239
2926
896
4266
1410
1118
1716
42
3390
7179
1622
750
433
8389
5788
1371
789
6218
1012
9302
5229
7784
8151
6524
7405
476
3185
5255
5014
2009
946
4353
2710
651
8598
1820
1303
8432
3151
1685
683
8721
5873
7960
587
9662
1667
1255
3084
7732
9501
5510
9483
894
9576
9939
1988
8946
8774
9588
3536
3943
5764
8218
5787
3886
5209
8558
3494
4252
4685
5115
5320
9119
765
4819
2089
8676
931
6874
3282
9927
8457
5621
7419
7611
5442
4554
5159
6724
2984
1839
880
6260
3271
2338
6888
2123
6258
9238
5280
1245
1455
8876
1441
2636
7914
8829
7662
5928
7382
3504
9597
976
5009
6077
3374
518
3473
7559
7358
5659
2940
6292
9226
4948
4666
6966
916
1276
9628
2615
8268
4958
9825
6731
4637
1045
1870
8305
2148
7527
6193
582
783
456
2960
3173
2077
3685
9281
1491
5222
874
5731
3333
8528
3920
7366
4568
9889
5657
6259
9148
2765
7982
5613
8518
5867
6689
7536
4479
4160
2597
8824
4277
368
2783
5427
6446
5310
8932
736
5898
2565
8946
2464
3929
5141
1833
4221
5787
7390
1594
2927
3641
7101
3857
5181
5887
7433
4702
401
1524
7020
2416
2328
6632
609
5372
779
6163
9391
1272
1189
3140
541
1759
8999
275
6895
1739
6479
8268
8644
2519
610
6325
5058
4677
6323
1678
4472
6164
7851
7848
4257
6267
8086
8537
298
6489
2041
5014
2129
8833
1151
4011
1542
7693
9370
6767
9797
7189
3597
9054
5820
1272
4763
4445
7995
7878
496
8133
2204
1224
7043
359
7432
529
8563
4551
9336
542
4007
5004
5407
3621
1801
4477
8311
6782
6079
9792
6519
5232
2259
3011
8967
6419
2016
9678
9837
5564
9663
4099
8537
1757
8664
7997
156
6554
4291
8357
7458
165
9414
5075
3083
1664
7225
3643
5115
5089
3516
9584
2815
9320
1780
4118
244
5286
636
7887
2783
7809
6301
6146
7567
6687
5926
3663
3367
8426
7652
4308
9903
5127
1498
1925
5505
8866
2496
2548
1152
5866
8231
9159
8310
5389
5346
5601
7960
1473
7165
112
9314
9656
9872
2670
6208
565
748
9403
7224
6408
9499
67
6673
287
8750
3677
8835
9594
9035
4781
2843
5178
2827
5559
2861
6805
4557
4582
3980
4901
9087
9295
3316
8099
5401
9457
7967
3951
9887
4459
7367
8921
6235
3095
1131
6146
6175
6848
5347
3397
8365
3557
1597
9377
3578
9529
2866
2528
7787
7562
8088
4343
5316
3728
8107
2005
3488
1199
8400
4363
7450
6367
4504
6567
9356
7806
4086
3252
4512
100
7542
8902
8366
1850
3354
6934
8759
5067
905
7309
4978
6976
5157
8651
3537
2750
5358
2047
8759
8518
4327
9604
2067
5570
8877
2391
8904
4283
8259
6697
3253
2249
8211
7477
332
9331
9750
22
6471
370
3453
5284
8016
1128
5902
2556
5762
9773
8215
9787
1893
2519
9221
4636
694
8789
1361
8055
888
7100
61
8491
2107
2331
8508
3221
9315
9329
1765
2210
4066
1654
5238
6941
4227
1222
6597
9585
8894
7357
7752
3545
355
8399
6462
1350
812
866
2513
4259
5191
3766
1629
244
7927
8343
5511
5123
6923
1899
5587
9766
5684
8631
1774
1611
3062
7292
1019
3308
2580
2544
3563
4448
9660
2560
1848
1834
4015
4110
486
4510
411
2221
3774
3476
8368
9459
8743
6781
440
2500
7088
2230
4084
9941
361
7174
5114
5710
5374
6317
7250
1975
4969
1798
5668
8927
7881
5085
1618
1981
8810
8862
6985
5006
1448
3787
8453
4934
7774
3627
3418
1893
3998
127
8100
8155
7226
6792
7500
1711
7012
8751
2698
8299
350
2306
9409
6695
3195
8256
8529
4026
6155
7297
1687
815
9708
9946
5344
4986
2765
6246
8512
6087
8860
8078
6768
35
7725
5079
1713
6162
4816
9284
6510
7090
5286
8429
768
8776
8484
5287
8063
4784
2072
8501
7779
5177
4794
4633
9940
4142
6754
7806
4163
3643
8510
6950
7076
1144
364
2101
1683
9228
4745
6206
2831
4475
2928
7638
3108
7860
2031
4639
6864
3955
7000
3425
4081
83
5455
3761
7074
9204
8429
2975
3837
780
8425
3322
6932
621
1728
2726
3153
3479
1824
596
5671
2686
2082
6387
9818
5881
6970
4804
7298
7301
5126
9331
7403
7731
7238
4824
1139
3312
5261
6951
3477
5375
6953
5449
2791
9703
6592
3330
5276
2206
5846
2421
6997
4880
1589
5042
4547
6702
2145
5182
6873
4043
6043
5830
9230
7160
8486
4320
8458
6028
7649
5711
207
5334
9332
9532
3272
2150
9268
4773
1067
3526
6747
870
1116
8565
3676
684
6655
5645
83
8865
4115
5843
4219
9803
1564
9795
3154
285
6749
931
6277
8774
6475
6478
8218
2539
1292
611
7120
3840
2233
9844
1457
3539
7244
131
1936
8052
6224
1610
2789
9626
510
8761
8708
1290
5908
7897
9911
7412
2417
6953
5407
277
4447
3984
3498
6463
1554
7982
5438
9704
2957
9578
758
4790
1370
9427
8600
4310
8444
7561
1768
7049
1604
9109
6865
9821
7420
8212
1303
1184
2530
6414
8843
8132
1950
3198
8576
5674
2179
3872
3918
2100
4100
6015
6523
1885
9976
4436
2776
4703
3386
7540
7315
372
8673
1816
429
9791
969
7697
3522
3304
220
5921
4333
8021
4993
910
9729
5365
5320
1062
8215
1235
206
6324
423
6313
7436
178
3873
9874
1619
3593
2168
291
1407
4940
9369
9095
3604
6652
2921
2891
9625
671
3342
7905
702
7485
6534
5054
4053
5100
6375
914
8503
9639
1190
3771
4404
3950
1613
3256
3175
8318
8144
9011
6958
7087
9826
402
1340
8611
9050
4163
6959
264
4610
9475
8805
142
5552
5971
2250
7872
1182
7819
8491
1012
3267
5166
4027
3171
3454
2053
170
2635
2063
5670
1776
7711
2012
4627
2418
2587
3200
8701
7603
1668
6391
6819
5520
7479
8409
1641
5929
3697
5170
955
7598
462
8088
4963
5765
3901
8620
7850
9130
2856
9496
7789
3540
1909
194
8997
860
9822
9155
2490
7956
9270
250
9303
5609
8534
4173
9038
9606
5308
7618
5387
2183
8776
748
2448
4698
6216
557
6367
228
9672
4245
6801
9367
8380
3627
4627
522
7593
1474
2897
9240
4588
3049
8278
5795
1022
3074
9503
425
408
7947
6707
7378
2872
1101
8498
579
7116
6802
3780
2620
654
3728
6280
1368
2673
7671
6301
1554
837
8028
1888
1536
8621
3739
8098
1439
1220
2142
6158
2341
4823
1905
7601
6378
7149
2156
8931
5698
3024
9436
522
7388
5672
473
9119
4000
4425
8208
9146
9366
8249
9047
3876
3284
8620
6697
435
3651
4030
2478
9358
4138
2009
9025
1794
474
3341
4716
1287
6479
7949
9324
4668
4768
1436
4765
379
8192
2496
5296
5125
5351
9704
4707
2630
9373
4385
5918
3972
7127
4113
8822
5553
4145
4377
1995
9226
1681
2156
8342
3760
8784
6805
1525
2270
5779
3358
942
6776
2676
2905
4773
7544
8601
78
7016
8946
4250
4670
4791
931
8335
621
979
4575
4002
459
3935
9499
4798
4338
8064
8913
1728
1740
8845
4778
1725
9561
8453
5188
4592
8971
2472
327
9198
5384
2744
9538
9055
3487
7670
6654
367
4423
4793
1316
4334
5047
5914
4657
5776
5619
7208
9573
2755
8648
8994
5988
7425
9197
3720
3136
8751
884
1890
1705
3917
1684
3529
1679
6963
4141
2975
6826
6571
5575
612
3587
5068
4563
3622
5795
6020
8582
6910
7879
1657
3156
9324
1483
5285
2686
6050
5298
1695
7824
1150
1331
5576
4939
3268
9017
2259
5137
9074
7015
6065
2059
7842
7510
7251
7176
5576
7357
7043
6719
7078
8454
1806
1414
3532
7365
6586
5146
3694
277
8349
1317
6086
185
6338
7039
1301
1077
2838
19
5160
735
2350
7850
2678
7789
8
6068
6377
4616
5174
5531
8575
3448
278
8452
2470
4213
5694
838
280
8545
2786
5828
7724
9170
615
9246
3427
9253
4921
8995
5327
4076
164
367
1279
4816
2829
1183
7967
7648
7201
736
8219
7275
8854
4975
2929
1889
2608
9430
8876
7749
3414
3562
425
8193
900
9256
3931
8886
414
7271
2677
9628
9271
7183
2585
814
4426
8712
6077
9748
5863
8686
9995
5849
5022
9286
7752
4356
9223
6136
712
6801
8652
9017
8688
2895
2506
1718
9733
3073
4074
8054
193
6762
4301
7262
6719
8385
6317
6875
9736
4311
4428
7911
9405
9541
9816
8647
6687
9796
4833
1703
4527
2049
4746
802
3333
9796
9212
551
8859
3177
66
1201
45
861
2535
9870
4915
6161
3555
6163
8925
6653
4672
8110
4930
4195
7838
3875
6398
6750
8744
8074
2702
5733
2890
975
8123
6486
2302
1522
7220
6317
1193
236
9492
6420
8544
8929
5726
2109
1909
5448
4468
8725
7880
2045
2491
1883
7639
6790
6097
5733
2609
77
159
6909
1915
1339
1051
5709
4682
2103
7505
587
1595
3740
6959
3204
8182
3085
2715
4579
4311
7682
2982
3583
4297
7150
2242
4430
4618
5917
8708
1338
6920
8995
8087
6087
7659
8830
3723
9288
1295
5505
6500
2584
8971
4456
9748
5676
6958
4696
7528
7465
7102
1764
6898
833
7783
2514
2742
6223
5769
5453
6304
8198
8402
2942
7303
5100
7226
1519
3735
6111
6591
7218
2394
9894
7986
1113
3410
3550
7175
152
7837
8165
5935
2639
3670
8676
3886
7249
3897
6775
864
9239
2748
7883
2527
327
4379
7017
6108
7099
3836
2987
3422
9105
2093
4122
8898
8827
4789
1850
1120
9903
1150
1013
6413
4341
739
1070
9249
9613
3891
8736
7059
3955
7644
2896
4014
8536
1810
8245
4191
1770
2809
1509
7011
2818
8688
1138
7010
9432
9672
1786
9132
6328
7571
3628
6185
3927
2031
2079
9353
7046
5982
4197
182
1461
5925
3271
9455
3220
9979
1677
4771
2744
104
4358
5845
9545
6476
3352
275
3181
610
4198
1832
7749
4094
1445
7916
2952
6449
7594
1454
8287
6348
3084
6124
5104
5193
5844
3250
2816
4684
9059
8774
2928
1225
1927
453
9754
4528
4714
8065
6401
6689
258
4990
9053
1025
781
6187
7496
3545
724
7766
1324
9983
6420
3458
4905
5762
5785
1038
6242
8597
3663
1979
4955
4593
3557
3335
1427
4200
6533
4241
8181
3407
421
7402
4150
8384
9278
1062
9073
541
1888
4975
1046
6678
140
7358
3402
7388
6996
5464
831
8456
8198
6653
641
5126
7616
550
6592
6216
3149
5752
8678
3645
6691
5400
3942
2347
7152
8920
644
5803
5675
5252
4902
6953
143
2368
1064
4239
3354
4236
1109
3866
6620
8260
9653
892
7927
8457
8922
4493
2439
8618
7455
5133
6314
5066
9475
9280
7730
6220
2681
2165
8031
5424
8258
8876
218
7969
4711
4334
8418
1317
7432
5430
4225
5001
4522
1907
4288
6436
5634
7012
9321
5687
6886
1616
8615
4942
9823
8569
5877
8084
5242
6929
6948
2210
5355
5066
3505
8329
7365
65
2248
5473
1672
4565
1699
6593
7730
4303
3784
2482
1730
1312
6734
3924
7092
1069
4862
7774
7059
1431
45
4992
8659
298
7005
4982
6217
3352
6616
2735
5927
55
718
3825
9640
732
1576
3281
4263
4019
22
1648
4399
4666
3307
7705
2409
1937
7225
7319
1321
6245
2564
5334
751
1577
7838
2880
8916
1953
8065
301
1286
867
1189
707
2785
1134
8568
6720
5360
3954
580
8728
8566
2190
6579
218
6502
6374
156
1106
8215
8581
1295
5826
3021
3272
7960
2475
2733
1491
3215
4500
5451
9098
5632
5440
7625
1089
889
684
1556
4548
3395
710
4929
8143
8741
9989
6235
8952
1017
8889
2128
6259
9087
9144
904
8560
5278
9421
237
792
8571
2599
301
2259
4892
3096
617
788
6974
4377
2711
8742
5605
6486
3592
9538
6090
5440
7988
7343
7694
1321
8603
320
6939
1324
454
6187
2331
5817
8053
6884
2078
3271
4337
1450
2011
3970
5139
9588
8922
1797
5097
9761
8061
262
4970
7138
3628
1095
9268
5164
1671
173
5745
7197
5625
9802
259
5934
2673
4559
4042
5172
7164
3598
1202
1362
6934
4141
6988
5233
9935
2723
795
5256
4084
1690
9413
8530
658
2548
6358
3318
8670
7098
9710
9154
8768
3457
5169
9817
4733
961
4262
9613
6381
8500
5709
6137
3423
6762
6400
9903
2265
4108
3337
9353
8597
4523
6970
991
3062
47
3890
5114
4463
3302
5325
881
2107
6784
7106
5103
295
6325
7870
1261
1189
3860
8654
959
4407
5152
6651
6011
7099
7034
5109
7406
8970
296
6785
6042
9394
8475
1450
6265
7143
9757
4148
7277
9718
5130
3628
4838
7344
3874
5614
9148
1067
9544
9891
2245
3810
3176
239
4324
6719
3074
4089
9514
7992
3866
3918
4778
9175
2051
7016
9295
8304
7534
4794
4742
4782
4057
9988
7990
9246
3447
8100
4003
7791
2879
8814
8521
7860
7170
2842
1264
2013
9575
9469
4927
1439
1499
5665
5144
3806
4850
6412
1129
5374
3578
6744
3769
6890
4656
6372
615
2458
4617
6766
921
2038
6708
9984
2622
3068
2248
9222
5305
6410
7922
5428
390
9394
6459
450
1949
935
1151
6816
4043
9270
9292
1528
2530
6780
8252
1250
7571
4842
1115
1122
8321
1213
9420
2009
1077
1198
4626
4512
3960
9931
2355
3842
3127
9486
5846
977
8259
2521
9699
1425
1925
371
6724
7015
8020
8887
9826
2343
4212
6112
1372
3578
3366
9306
5614
5263
3375
5249
2319
6716
8035
9672
717
9036
5307
2493
1141
3923
1990
3425
5531
3490
5096
3721
3465
128
2686
7869
3374
7722
1946
2575
72
6123
2743
4931
1865
9686
7377
2787
7894
229
2871
6403
2414
2821
8636
6196
4585
941
9705
7934
2880
942
6356
2906
2062
244
9464
7815
3594
9883
9123
2661
937
1860
6382
5789
7693
9318
3010
589
2102
9428
2107
256
5213
3481
6956
9321
1852
5426
4970
6594
6415
8841
6385
2116
3747
5342
8959
3850
3096
1895
9322
9384
4069
7874
1652
7078
6535
8587
5751
1418
2686
900
1155
595
2264
5671
6258
8008
5587
4151
1083
1266
125
1014
7395
7462
6759
7674
2966
8175
942
4328
7310
9024
3975
6236
2807
5123
3986
5903
6436
9692
104
8989
6347
9192
1479
573
8113
1717
5057
9034
30
5729
4819
4869
1529
2535
2116
4696
2259
1344
2052
5640
2458
6645
2835
4429
163
299
9942
443
412
4911
8895
6984
8193
4182
4765
3523
7457
9609
8646
2529
7694
8887
7906
391
8535
383
4512
3713
3720
9426
3667
4511
6509
877
4246
3591
5201
3754
5088
1966
9639
1843
7133
8915
8479
41
4088
3031
4957
9485
9753
211
592
8370
4758
6835
5093
9531
9660
3305
6317
1691
5553
4277
9110
5261
4541
4493
3477
886
2538
1166
2064
7329
2904
3112
4777
7779
5043
7448
3675
7226
9683
9323
6152
7804
4377
8825
6777
7227
2769
7557
6322
2958
887
3850
75
3805
7759
9937
4244
6770
1464
516
3087
3581
4390
2978
663
6791
1091
4245
6015
6490
3513
2269
7696
5960
2872
6248
4336
7009
8376
5649
5042
1490
1474
5239
9564
3126
9596
5473
5773
6904
7031
1334
7884
5867
3589
9929
6547
7439
5634
1906
5857
1336
6040
4370
970
2688
9821
4347
5529
7680
8494
2439
7821
3748
9250
6728
5308
4857
5446
7200
7016
3554
9289
5552
7650
3774
7818
9641
9516
5684
3071
7364
9126
4490
6505
7335
7430
2671
1018
5848
805
5201
7770
248
5055
108
8705
8979
5700
8543
2882
1868
7981
9383
760
3146
3628
6842
2676
2954
2487
9236
2902
7306
8815
6228
1667
5923
1978
2419
4453
3633
3683
4074
6198
6695
4250
6514
1192
3686
9805
6969
8312
3415
3066
6432
9910
7241
8038
8758
9897
9912
4596
3351
177
1894
4676
6434
7550
2311
8594
4339
5262
1296
7407
245
9434
4198
3308
6082
7891
4440
667
6028
2367
7361
2585
3075
1514
7330
6061
8729
562
8047
6685
6802
359
4705
5834
3626
8717
1531
9003
3846
6015
9629
7564
3350
3818
4065
5734
2095
8717
7900
5752
4229
574
8538
1161
3433
979
8959
4452
8458
9970
6255
4089
9205
1225
9893
8211
3879
3731
8059
4219
3421
2346
6949
7792
2451
4230
774
6606
483
5673
7323
6086
8557
4083
4750
7209
1588
143
2812
7251
5304
8498
9702
1491
1807
6044
6854
72
4120
4187
6588
1099
1625
5763
2528
4471
5248
6812
4176
4300
6422
260
9413
4348
1515
5818
9209
5379
7163
1729
6227
6517
6588
1502
9313
680
6485
355
9413
4910
6759
7290
3299
4311
4377
268
8367
3126
8740
2728
6378
8341
5389
3195
1543
8809
6585
616
3594
5648
5147
331
6676
6645
7364
8144
7501
5070
5440
6258
196
5333
2932
6088
8633
4135
296
5231
1338
4250
4091
2387
9023
9452
6011
9408
7396
8449
857
8630
7464
1760
2105
1893
1397
897
2556
9367
2677
6956
1131
7304
8693
8426
8688
5668
5327
6362
3651
2570
2713
5324
8274
5307
7654
4361
4518
970
3000
6441
7
788
2973
8288
8365
393
3670
5701
6992
5810
7612
3706
6546
34
8674
7575
8890
2233
5964
5069
2254
4968
3496
6467
4824
4353
3706
7961
5481
7529
5971
2372
4714
3103
178
6681
9602
4900
9489
2623
5119
6866
1628
6014
9383
3878
4505
635
5484
5872
5369
6960
176
3063
3582
669
2979
3743
5768
1838
9174
304
855
1411
3224
904
1505
8641
8580
3816
5432
3189
3085
7976
4970
4161
3434
443
3455
9681
1790
2928
642
8036
9297
8124
7555
6609
9228
4505
4202
7899
564
7938
373
3856
5143
9179
7254
4554
636
2562
5438
5823
4072
7331
8989
3902
5329
2718
3251
8201
2389
6084
9581
9580
6354
1158
9870
5165
9669
9966
7802
3843
5745
4708
6346
9242
1345
3065
3212
2844
2653
3008
8362
3907
9209
5867
9327
6032
48
3800
9797
7792
1613
5339
2010
3902
4624
9588
7779
8624
2690
501
2610
411
7546
2479
4020
107
9204
4774
8767
7073
3824
7670
1451
493
4298
2751
6454
9625
174
5489
225
7805
3053
7211
302
335
6666
3013
7564
861
3242
4774
5282
5500
1890
8902
3381
7026
7630
5586
8257
2008
9414
9520
6608
412
1172
8475
693
2705
8035
9885
2311
6052
9112
4123
8269
4091
7321
4122
3340
9259
2562
9362
3644
6388
3094
7963
9864
9619
2961
9610
7993
6408
8944
9395
4940
7574
2122
6784
4275
5956
4816
2052
8
1832
2347
2485
7211
5132
9516
8174
3831
5185
4429
2459
495
6136
7364
2243
1724
5011
9441
6278
5876
1263
7348
8339
7967
6507
1807
8655
8231
2954
4767
2061
9852
2680
3235
5792
7141
8327
5067
7807
9111
9227
1554
3593
9491
7229
4579
5024
8552
4190
4400
6663
5147
9296
2972
4651
1337
1693
1070
9466
8348
1720
3923
7437
8496
1009
5608
2584
7424
8997
936
534
769
5505
3519
9268
3995
6451
4294
9065
3631
2982
6797
9097
9544
1163
1842
6740
3316
1747
353
1968
5536
7545
3751
5177
1165
2235
840
3341
478
5339
303
3109
3907
1450
939
842
8061
541
6991
4533
8166
357
1171
5033
8984
5807
8888
4938
2705
448
5347
9970
5022
5079
7508
7484
6037
8149
3026
966
4473
1717
2985
1380
1890
2097
96
3673
569
656
9501
7576
2701
7669
7908
3592
9765
1676
1908
5056
8933
3055
5244
3208
4089
6172
565
9934
8038
1483
3638
6411
4980
7576
272
8327
77
691
1060
9758
2747
1387
3152
1104
5469
6956
6956
2815
5539
9805
7445
7329
8769
1209
8986
1065
9747
4707
8564
7175
854
2659
5085
55
6923
2807
5952
4161
4770
338
4925
6063
420
90
7483
1074
6965
9189
6266
4326
3161
4654
7655
6948
2205
4957
6741
2075
9504
6785
1504
9399
9877
8878
8530
9993
8635
7023
6020
1716
7502
4241
7479
6497
778
8371
3011
9276
7372
9746
7208
1336
9437
6113
4883
5258
8591
3320
1704
6204
6807
2868
7226
4799
2693
633
2046
2376
7795
5989
4902
5321
5111
6612
5727
2533
1503
9502
8404
5671
30
1348
1314
3914
795
6799
8551
6130
1827
3543
5819
9650
2118
111
6454
2353
5347
6818
9844
8885
5646
173
9371
6110
6534
2023
9722
4288
248
1308
6096
4604
7638
9695
2112
8012
372
780
2869
2583
8434
7149
7491
57
6890
3015
96
5799
6284
8742
341
4230
695
9944
1177
7922
9823
1713
6781
7193
2181
3350
1565
2479
5777
4962
1094
4202
6541
1811
254
8809
9900
4534
1122
5733
757
5079
6007
1707
4360
5042
4302
3858
5925
505
6573
149
3062
6297
8450
2878
5391
7321
8875
4484
6639
9449
3225
4931
2892
9245
6359
4883
3733
3493
6034
2993
8320
9378
9148
315
1144
9596
8688
3708
6607
6089
1890
1806
1191
8510
7687
5494
9266
1325
3911
1396
1789
8610
4993
6787
1606
9354
6296
7562
7730
9517
9113
5669
8565
4276
881
7872
7947
1197
8903
2743
2551
3074
3684
8554
6223
6214
8860
5372
2122
8520
244
7186
9198
5284
2319
8816
6273
7235
7353
9784
4155
8936
6833
8859
951
2287
8193
5301
7363
8693
9062
4167
5609
5911
615
5259
6590
9150
2952
9158
1684
6810
2427
6350
8507
4142
754
1292
6675
3446
8513
296
1387
9400
2934
322
6804
7837
9543
8835
9675
9183
7442
5683
9969
6008
2999
9456
5315
9798
4856
96
3943
2389
2429
6913
2340
1255
8559
2077
9549
6124
6006
1886
6548
9232
4935
3412
3213
4777
1231
2964
5439
7962
3448
6486
372
3711
4556
1235
6114
8957
6741
8349
7566
3841
2332
9766
1443
7461
9585
4870
7336
510
718
1914
731
5586
1662
3510
6308
3091
4692
393
5402
4464
9930
4272
1742
8963
8778
544
9018
5940
7322
8123
6898
6127
6395
69
9763
1155
6149
7038
5644
5402
6521
1434
6882
8148
1894
748
5568
2390
8560
9807
4628
4220
4434
725
6887
7902
7665
7439
6919
2932
7363
1408
7883
9902
856
2397
441
3159
6110
1285
17
2110
1672
4505
9119
7117
8437
9708
1200
1040
6626
3975
1304
1056
6920
430
228
2220
1205
7274
2929
966
7719
9058
3641
8625
7410
4754
3688
403
1075
5891
9648
4150
7861
4695
9790
2346
7460
3853
4019
3476
9410
6387
385
2946
5660
7898
1939
422
6939
2004
1955
4387
8996
2124
3061
8360
9036
3234
1462
7200
7640
8349
4230
1256
7682
2175
6076
6434
9871
9694
6734
9480
9228
7590
5798
8239
7317
4810
8844
6711
9435
1894
7384
6077
1840
2816
2025
6946
6276
5069
3943
4780
8544
3036
8951
9701
9095
1752
9607
702
2181
2896
6777
7932
4408
3497
3745
2911
7320
5592
2817
12
281
7206
1680
3448
8580
6129
489
5735
330
4266
5522
3508
5943
8296
9389
1616
3414
7677
2373
4888
5193
9717
9179
7660
4990
8059
4954
5766
3016
6624
1535
2390
8723
4497
527
916
5457
9865
1180
6163
9445
1631
7545
3465
3914
4886
4206
8538
6230
2944
9809
2528
7049
7069
7062
8099
7254
7606
1914
5660
8813
1423
694
4559
8362
9394
3718
9134
4928
4702
374
568
384
936
6042
588
3956
9426
214
1696
2200
7645
166
2790
2837
8899
7598
1857
7074
259
8554
7445
8993
1041
9717
236
4585
1246
1390
9229
7981
4227
7615
2411
9478
1562
7939
7412
8209
9011
940
2010
9288
7538
7496
7667
617
2201
4252
3627
8557
918
5805
8019
806
4263
7978
7697
6210
9188
6144
3010
776
9998
2423
6536
479
3168
5286
2759
2558
4953
1538
4726
4467
9481
5480
3527
2810
3637
354
6959
433
760
7471
1475
5894
3048
4171
6517
1199
1930
6395
4417
8505
8198
9219
4593
3815
2809
5771
2016
4314
6845
3138
2846
6106
6637
3742
217
2086
4465
3912
3648
9992
1602
3304
943
5364
3775
9230
8653
8496
8201
3838
8648
8903
2536
8013
1663
9992
7911
1228
721
369
2211
3924
34
6930
3311
5968
1903
8546
8462
2454
5196
5106
8307
4214
6550
1843
5420
363
8083
1909
8986
9294
7955
9611
9806
1307
978
8817
6699
4760
2071
3596
3395
2554
8291
9629
2657
4041
3453
6633
1212
3184
3183
6240
8622
660
5235
4031
2934
3131
2039
1554
4653
972
2317
2413
6190
8567
6489
4233
54
8428
9624
9122
6292
8090
4157
4706
1488
914
9617
636
3396
7794
2368
2978
9782
5132
4092
2959
4075
2798
9960
3994
7218
7476
375
339
113
4952
1079
5681
340
861
9727
8902
4366
4530
4571
3299
9046
9982
5779
8754
2909
4579
7642
1007
432
5819
5444
527
8246
363
5327
4605
8972
9041
4121
722
4681
8487
825
7328
7274
7973
1083
6032
27
8341
1143
9174
4647
4545
556
2577
7313
3147
9752
1852
1270
8782
1888
5832
1142
5585
6310
3416
9362
112
4677
5425
3934
5295
9928
3591
3786
4199
357
3716
8761
7781
9831
5091
316
4038
6038
3865
5467
8360
3464
9182
9747
8774
3879
2312
9626
8668
9854
4870
9243
2633
3062
2910
3341
4445
6503
4126
4399
8081
8906
9562
9867
2069
1951
353
4585
8847
7034
311
8743
6154
1478
9219
8222
7510
63
7046
260
7902
2154
1889
8824
1359
9647
8015
13
9676
6141
1634
3543
3959
447
4770
8184
7137
8017
4044
4597
1544
2093
3965
2975
3873
4129
2193
7657
1868
2115
1455
6377
9809
2608
2762
5999
7945
9837
6825
2445
5612
4216
918
4423
6629
237
6977
7888
2676
5841
7358
786
4540
8480
7440
7880
147
4179
2942
88
7020
6143
4488
8321
3853
3344
9236
2252
9131
6077
4694
7169
6646
5950
7734
1084
1296
4177
8567
9125
7591
6371
347
8699
2433
3561
167
3501
6872
9898
8590
7121
4684
8946
3854
9372
948
2971
2904
8386
7767
6002
8051
4776
5128
6397
2791
5524
7595
4714
2418
6438
1236
3536
3319
3704
363
4890
6182
5431
677
8442
4274
6619
162
3989
7449
8756
1454
4203
8745
686
8518
3874
8669
8442
3114
351
4422
4383
6357
3067
7896
8251
6554
164
3827
7883
7888
9004
32
6351
9710
3617
1694
8010
5517
5708
4899
8374
6096
8235
7578
3002
835
8133
6039
2625
4915
7034
5374
9459
9929
1209
3733
9220
7857
9444
9671
932
9046
3471
7455
8555
7682
3183
962
4739
8967
5349
9982
1601
3760
8700
9089
7979
1981
709
7208
7428
5918
4609
8889
7299
9649
3985
953
8569
7178
5965
9098
1920
5963
1833
2710
9791
4971
4148
3203
3625
8216
2137
9478
8869
89
9109
4985
188
9193
2854
1523
1608
4196
3109
970
7256
4641
7920
6977
5900
5289
9509
6472
5712
4546
9538
1637
2008
7823
9087
4450
60
8007
1929
900
507
561
945
2921
1381
3841
1064
6094
4209
9726
2283
310
6433
8427
4528
3752
8141
5023
2670
9311
7399
8760
1534
434
2262
3396
1404
4750
150
5560
5305
4691
3503
1150
1196
6988
8175
6051
673
7236
2227
8666
9015
9016
6138
9524
9597
1964
7749
8383
4060
5104
4660
787
312
5105
977
4066
179
5757
1012
8546
3305
9895
5430
8177
2931
5253
1
3640
6316
7311
1795
7598
8785
6638
8782
3411
1870
6235
2891
3271
1134
4749
3272
582
4561
8918
2285
1480
6985
4347
3820
7269
8310
9349
6757
1717
4135
3261
6217
8893
1083
4853
1402
737
5344
870
4555
8955
7879
7781
581
5918
2988
1980
8323
7301
5928
9758
4204
3834
3117
4952
4466
4113
2596
8864
9460
8782
1533
7430
1116
2115
3918
283
2915
4560
6765
997
1771
252
3121
3301
8853
6079
678
6858
5136
6793
9737
5142
3102
8620
7153
4213
2522
3054
2132
433
6716
2699
9421
4820
9417
3393
5959
7629
2517
6591
9080
1105
9377
2851
2194
1427
6454
1212
5821
2597
916
5695
2678
7326
3696
8173
5768
862
1537
4685
5247
6043
7172
1022
5956
518
2504
3004
7060
3569
8618
1947
3670
8599
711
3061
1709
2435
2232
5525
5808
4254
9036
8798
3746
6648
3819
5401
6238
8509
9338
6080
4074
6726
2392
8513
8154
1612
5695
1877
598
7848
4069
5771
2072
5
8686
8017
2058
1759
8877
297
9491
2908
5065
3577
3287
4987
274
471
8142
3289
7125
740
9658
6554
4667
7422
8947
8424
1650
1128
7075
4872
2245
4623
2590
3244
7019
2091
2790
7357
4161
7938
4703
7791
9369
9507
4706
1105
701
4004
5254
1414
251
303
9593
2433
4733
141
8052
1518
9731
6746
8738
994
8262
8576
8578
3159
6984
1449
194
3963
2556
3782
5837
5311
8856
8870
1818
5104
6208
3424
685
9451
4724
2037
8484
1121
203
7220
341
4533
2258
6268
4542
9053
3775
250
6023
590
4320
9083
4653
7909
1884
5311
7022
1321
1425
336
1373
195
8525
8486
6939
9043
3391
9121
4611
9556
5433
961
5336
5213
4430
4479
26
5883
1485
7646
7170
7784
2492
863
1836
1830
9542
5754
8990
3597
8287
493
451
293
8075
153
2977
1274
4600
3989
9920
1200
7013
7044
796
566
8734
829
7341
2209
8626
7165
3421
6108
1473
4570
8176
5918
4580
4456
6742
3572
6569
8872
9645
1124
7475
4554
8255
9623
2915
4060
6307
7784
148
7143
6531
7464
3836
4646
2820
1254
7739
4828
3805
9582
5454
3247
488
8586
8241
4553
8326
3242
7023
3239
1053
5654
5556
2577
6885
9721
8456
9168
4417
7973
7457
5061
8033
3099
6577
9275
8216
566
9491
9509
2492
8569
7785
6343
6911
1652
2920
2023
4
6273
7075
7892
9734
1043
6297
5563
1435
6761
4786
8502
7271
2177
6657
9890
5041
8107
3900
7923
8855
1881
3844
7399
5703
6258
413
6799
1090
6613
3458
799
2952
2847
8942
575
7996
2886
5780
9262
7652
5244
2911
5939
433
6114
3401
3383
2856
1608
2959
1563
3489
1575
11
2969
3225
4851
7640
3219
6945
2716
4511
2926
3638
8457
2774
3013
9093
9561
540
4561
9940
676
8566
469
3925
9125
1688
42
5672
885
9063
2521
8960
3790
7344
4979
1981
2990
3585
7452
6604
9069
4414
1380
3824
7123
6295
1870
7032
3434
5656
7172
7502
5944
668
2103
7263
8743
6819
542
2151
6415
9781
4890
706
5563
421
6587
8050
6132
7321
403
5708
8864
379
2985
4403
8032
3374
1152
4995
5217
2433
3064
2224
2021
426
8887
7992
8835
8149
2058
1623
6245
8300
5110
1333
8998
9013
478
8306
5590
3490
5523
3690
4319
4187
8647
7834
9621
7160
624
3499
3283
6251
1924
3183
9850
1429
2551
2569
5208
1409
6194
2713
7371
9902
3227
964
398
1296
6900
2958
5030
7978
5390
2529
3307
9007
4320
9632
7046
9021
7341
8578
3005
8933
9342
3560
142
2053
2086
9186
2861
287
2093
4045
5008
3050
14
2294
8147
5434
1409
9045
6647
5699
7701
6598
389
5249
4473
1455
930
7855
1251
4636
2613
9565
6334
4746
2091
86
448
1845
9026
6347
9888
7638
9404
1259
9756
5730
2596
6995
282
6710
4652
5482
1347
2300
9091
2318
2038
4492
7384
6432
6065
1903
2298
9208
1877
5803
1683
8717
5041
2125
6581
7409
4355
3006
7967
9945
7979
1431
3879
9896
4441
915
3891
2216
5740
5981
1576
6972
257
1839
3314
6727
4447
3017
4928
4866
4184
5785
2997
4616
3404
2052
9917
7241
5849
554
6841
8038
7811
8115
135
2566
8446
8519
7765
9730
6490
7059
6383
5713
8587
9316
6175
2937
3413
8649
4494
6800
254
1846
8882
6047
3203
3003
9809
3280
1741
1301
8823
8091
8598
3647
7747
2321
5077
4032
2949
3007
3098
4271
9188
2940
932
2489
6090
253
3553
9097
4962
9438
7185
2560
1657
7181
4731
4849
27
545
838
8028
6501
4432
2593
396
8785
488
1898
2647
6892
4411
8265
4482
8944
2062
5365
2484
860
3285
3684
4498
2723
3071
2915
4213
3505
6899
6915
3233
5399
9544
1392
3239
1261
1284
2377
5351
3174
8262
735
7563
4637
9794
9195
6487
6376
2002
4755
8705
3897
9112
5101
7619
5176
876
7703
780
5210
7098
1795
5329
8277
614
1133
7532
3239
9120
5311
5705
9773
114
3274
2492
8725
559
5765
9595
8202
4419
170
5544
332
3717
2577
542
4984
1665
6363
8530
2584
2006
9679
2689
712
9753
3716
2650
5304
1697
3458
5874
6903
2966
3499
5082
1871
5934
3823
9023
3801
7790
6251
762
6099
4550
2634
3099
7332
6723
3697
593
257
3212
6697
7993
439
227
6651
5426
3735
2254
9684
1878
9361
565
7612
9312
957
1089
814
5572
6147
4105
1916
6830
3391
114
9903
8275
8640
7901
7714
5918
1545
6651
7512
9565
2873
1695
2493
2298
8405
3250
9527
8299
4920
8872
6427
6790
2759
2005
9398
1407
5544
7176
6155
6831
2336
2687
4747
727
5077
870
5315
9556
9766
3716
7217
2864
7358
6275
9869
32
159
2673
1553
5559
1494
3359
2551
7203
282
2126
6187
5537
9644
4360
2505
8217
9505
9422
8496
5923
7497
7415
9920
2652
3192
2589
5926
6434
2142
5908
4237
3553
7828
6252
4967
439
8082
9991
7809
1784
7855
6571
7136
676
6795
1538
804
4865
3280
2606
8686
7650
494
3791
648
8616
2933
8522
3023
6579
2878
4270
3792
4866
4861
819
5205
8321
3052
6753
9046
5101
4330
6711
9345
6732
6514
981
9660
4138
1658
3942
150
8920
9654
929
2502
484
526
2864
8427
4697
696
364
6138
215
62
6107
6402
9344
6074
6316
6874
3342
1329
6924
9216
6723
7695
8393
6201
2613
9982
2481
7518
5396
4910
6275
715
2743
1742
8146
4052
6246
5472
532
5010
7104
48
1432
6359
4798
3145
9572
3351
4152
3270
3946
2231
3091
5457
6779
6304
5261
6532
7254
2004
2925
4529
6583
4682
6833
723
7652
2095
3238
8966
1226
2114
293
2167
8335
4965
9863
3032
5117
6200
5226
3761
6520
1383
2904
1110
1914
2642
292
7990
1077
6413
7698
8854
158
936
1028
8980
1202
4407
1570
5098
2039
7339
27
355
7493
2849
758
990
5078
5658
1182
1318
9206
4165
1005
3551
5957
7258
845
2061
7266
6258
4813
9412
3379
893
349
4834
1963
336
1227
4413
3400
3783
4939
2940
7032
8785
9146
4250
1161
8483
1458
296
2579
7724
7777
3320
5651
3162
1028
5638
7602
8955
3026
5210
7971
217
8315
2330
4642
7658
3488
287
6744
7422
1200
1549
3538
9425
7984
7916
4025
7762
8625
3613
219
851
1864
8175
2768
9667
7482
8880
8817
8510
8335
6928
7852
7454
9793
2865
2753
5530
4183
2190
4466
9833
2646
4754
1253
2895
854
2440
9016
8285
4197
1389
1317
1123
7359
2624
6006
7649
5929
1278
5944
1643
2488
8900
4864
3317
6453
2265
4836
7763
2728
7531
5284
5184
486
712
8358
7367
1816
2825
150
1471
4904
2884
3835
9574
1038
8915
3152
2058
3867
3376
2205
8561
1540
3201
3539
72
6753
1577
1767
1814
4811
1637
1426
3459
6392
2976
8142
141
3131
8809
379
8482
4830
8072
1669
9387
3386
9226
4666
3622
3381
9628
4840
1147
3004
7550
4005
8114
7230
6611
9731
7570
9724
3682
8617
8635
6580
6622
9507
2449
4034
5220
6
1160
5198
4531
1777
4204
8829
7761
6528
9802
6033
7515
9903
2685
1589
172
3490
6793
2449
7924
9069
7076
5330
7119
6878
1567
1152
5652
5270
2638
2433
8457
5240
3593
3765
6772
9331
1805
3798
4667
2165
2629
9228
8688
7020
7783
9344
2996
9676
4281
9616
9445
126
1792
8164
6746
9847
5260
1347
3567
1488
5925
8814
7519
4010
2640
5343
9141
9208
8888
5990
3736
9252
7223
5879
5082
1313
155
8808
7046
117
7068
2156
2996
8445
9326
371
429
5038
3024
6014
4881
6379
4465
2601
6449
8928
3360
859
731
3707
4938
6176
663
4214
5438
6812
7170
5014
2515
8594
4761
1611
8434
7193
5319
8021
4159
8924
3322
4955
2803
6145
4335
1413
2277
3157
4283
7769
1883
5851
8227
9562
9332
8361
808
8292
9554
610
2526
8230
6186
1999
5043
9869
4655
5852
2272
5159
4856
1351
1278
6786
8680
4945
1154
3174
3876
9940
2139
3120
6344
7886
7907
5315
4831
3423
7455
37
4356
4869
6317
1809
6064
819
7008
2864
5894
9289
965
4575
4305
6954
7882
2411
6826
7183
1730
5119
2231
5170
2953
8817
105
2102
4854
5548
1215
5078
9713
8354
4053
5073
1748
6512
3228
4439
9990
688
6501
473
9899
9187
1568
6796
200
3028
562
2321
7669
8627
4436
9778
6353
5964
4404
9186
1560
9660
721
778
3683
9303
7802
3166
6710
6878
2769
609
3906
3731
8838
4375
650
7608
11
7157
3441
7150
5814
8269
2117
3505
5143
3319
6188
6189
3724
6418
4940
3366
5655
2065
5754
7421
6381
6056
4378
1686
6290
3082
1859
2390
2567
2084
2224
127
3127
7607
3564
6635
5347
8685
8452
16
8727
1373
7618
2245
8261
2878
5133
1319
4499
9777
543
3508
3779
5032
9479
4982
4740
968
7349
468
9869
3550
6950
4644
4117
868
5063
8427
2844
6652
821
339
1962
8688
3637
4857
2293
5733
4717
1556
8346
5804
4909
6094
8292
902
3400
5999
5702
2570
4339
7377
8559
9941
9249
5593
914
9328
7333
9312
8589
3024
3968
9091
5015
1464
6914
2281
5055
9157
8616
6683
8055
5747
3085
523
6317
9819
9609
6433
4099
3323
4303
2451
3097
9328
8554
3275
3903
3728
9737
3559
7252
8244
963
8033
5909
6946
9664
6393
6624
7383
4873
2139
8857
3889
14
66
1281
6677
3719
7097
8215
9559
3474
990
8059
3887
3824
3902
4028
6463
8719
2383
9478
2195
6559
1672
4388
670
3442
7702
8231
3182
3723
5367
950
8356
3026
5224
330
7307
2973
9014
955
8898
3507
2502
1605
4603
1974
292
8579
3506
1528
4805
9873
7481
9841
1642
5812
7735
9740
8743
6549
2417
759
2109
1204
1637
9258
8491
4216
3965
8618
7261
7665
5686
5891
4140
5215
3965
3902
5193
7609
7961
5525
5512
9953
8700
1849
8638
2628
4848
4425
3265
6370
8446
5952
3383
2207
9435
2163
4022
6608
4747
6457
941
745
587
2338
4400
1843
8462
5701
7976
5740
1518
3665
2223
2968
3063
5019
149
2141
4589
1211
6535
4308
817
2963
9051
1436
9176
8011
2703
8522
1251
51
6221
380
5638
9957
2712
2590
1966
3232
2419
6725
1796
7162
1817
2686
3515
1537
2760
7280
2444
6180
6722
8961
5426
6404
8756
2675
6830
8469
6320
775
4146
7994
5950
2057
8346
2752
1039
474
2469
1513
4022
4866
3524
8611
4530
2112
9685
2627
4184
542
9123
7628
8178
5926
2678
1951
5319
2589
8656
9327
9451
9936
3031
1725
9268
6743
1596
385
6139
72
1522
3040
8730
1241
5873
4412
4877
4468
4357
6756
1563
7087
6893
9221
1378
2176
4705
7085
2364
1278
5716
4898
6977
2335
7550
328
6856
3106
4661
2687
3567
9041
1336
4900
3414
3011
7499
7646
2920
9400
3370
2729
2561
8597
9439
9703
3787
93
8239
28
2499
8047
1325
9228
1310
1935
9101
4768
7592
6276
2446
6194
8084
4379
5566
8891
9959
1349
7213
6620
9237
962
3944
1376
2696
8088
9288
2165
8092
6511
2210
5386
6385
3171
8886
8050
9632
9946
2604
5015
8788
981
3538
3102
4991
4950
8567
67
22
7829
5992
3712
6473
3935
4363
3440
1474
1527
8562
5560
8856
3367
2097
2639
5926
3211
9678
6953
5095
5103
45
5591
8323
8581
54
747
8227
3507
8845
7236
9179
596
8102
3302
4917
6296
3067
4166
7737
4215
8146
7778
192
4678
6580
1335
4813
1710
4833
6892
8739
2189
5888
1821
4625
7634
2508
7041
5457
2331
9735
6469
3560
3
5545
1603
7784
4436
757
9690
5932
7210
9385
3154
6130
8798
1798
39
5879
1620
6185
1287
3402
5223
4815
285
9456
3725
7780
8077
4138
1350
1236
8805
7285
7332
1519
4555
3687
2205
2486
4139
5676
9800
6516
6272
6112
8209
4029
8274
4812
3246
5738
5158
8624
8355
409
1185
3633
1177
3513
2185
7623
3989
2534
3989
7823
4352
3429
8182
9985
3418
7281
9058
1856
2023
2284
553
9821
6905
1340
7858
3628
2033
307
5840
33
5344
1702
4383
5098
4098
585
1780
2513
8320
6894
4569
3384
4383
4718
9448
8017
1240
8036
7007
3967
8570
3268
2526
5726
9176
5868
1683
6115
78
2244
3989
2719
4300
4876
6915
4267
4548
1248
1538
1165
8668
910
5097
4162
4866
53
6590
3069
6808
7733
2390
2548
4753
8981
7380
9742
25
5411
1071
758
2773
40
3716
661
7395
3589
8793
6282
9588
8112
2284
7184
1864
3014
45
8517
30
1868
7245
7383
161
5990
1427
7207
9564
7964
3455
975
273
3775
8205
6805
6083
5561
4349
9945
2233
8279
9886
323
1609
1732
9663
9100
9104
7512
3524
111
6595
9357
9222
5631
7447
2076
8656
8430
5942
2600
8732
3890
5481
724
4040
8326
736
123
7912
2636
2756
6878
2778
1858
5361
7586
3431
946
2407
4288
5526
6952
5987
6852
7458
8307
4050
8028
5936
9240
4826
8336
7387
5416
299
476
6538
8003
406
557
3484
2327
8491
7447
6283
6431
3646
6145
6231
1041
1987
1196
7313
9046
8366
1063
5226
944
5928
2364
4431
903
2320
6167
521
3775
1323
3049
6071
3944
7114
6597
7697
4730
5059
4152
212
6646
8090
5428
5874
2452
3536
9951
6258
116
5057
7759
2249
6356
4279
1921
9909
9047
3790
3149
4658
4344
2976
8515
1681
6744
9227
7673
3644
3407
3475
3652
3690
2148
4274
3570
1841
3070
8631
5169
3332
692
7294
1035
1366
9403
970
4972
2528
4725
5139
1268
4879
7988
432
3856
2991
4903
5378
5957
5634
1330
5761
4800
9609
5704
2575
4574
8709
1259
8775
7442
6320
7488
2571
9213
1104
271
595
5024
2858
9668
6131
2363
4730
1805
5261
9840
1942
6083
276
4041
2389
6814
2372
9445
4696
7156
9719
5302
3489
8957
2208
4727
9152
1492
2122
66
6774
9411
2265
5158
547
2806
4359
8087
4300
7979
6818
7413
344
1844
9853
5024
264
4691
7832
4201
3830
9505
7231
6040
7535
9549
6496
7871
6879
5073
2691
1836
8387
4475
6733
8272
7165
1389
6088
1162
241
1143
2234
1850
2342
9437
5748
8244
2181
4421
7953
5598
4073
7722
6240
9221
4842
8031
1716
251
2786
9955
4157
8717
8142
8861
9653
5271
2272
5093
9889
2007
4681
219
9043
4431
2622
2105
1838
4140
1459
729
501
1520
1020
8502
9960
5375
1068
825
5492
211
9262
5371
6087
9822
2062
7807
6243
1365
6365
7544
1038
855
4358
7879
1947
6523
1839
5838
2245
5644
7199
2255
6892
2550
9586
7079
8022
4666
7103
7983
5114
4694
4384
9219
9472
9070
8826
753
9080
8327
8207
8447
3252
7054
9084
5107
1507
430
6540
5610
5044
8356
4267
3806
9861
235
7695
5783
7647
6808
6318
5546
8422
2047
8482
7917
4773
8702
9842
3172
665
9094
7086
571
3260
8193
3737
9008
6884
4793
5847
3857
5953
8079
7337
8052
8469
3049
9357
5720
8322
1469
5324
8676
9760
2003
233
2498
9344
8301
8045
4530
5562
9149
197
8091
8722
7970
7906
244
8699
6327
9643
3845
5278
9166
6804
1421
5844
7352
2670
6987
2647
290
9626
1679
9067
9573
5932
7151
5552
5745
849
5943
788
1461
165
9620
40
230
9825
9832
4375
3281
878
9677
8459
3726
8080
4678
5693
2231
876
6914
9326
3205
9606
4236
777
10000
569
8252
9632
7039
8808
8764
9028
3651
8438
609
2605
2817
6856
303
7446
6219
4461
4450
2093
8028
6512
9619
7050
7561
8287
63
8460
489
5521
2121
4106
2622
2142
5092
9509
2260
6554
8547
6091
5517
6168
3581
8171
9528
5606
6610
7208
5845
1189
1250
542
3968
3468
248
6133
5842
6765
5507
6454
1683
8127
18
1165
6467
6632
218
4011
836
2590
3190
2202
2723
302
9709
3194
9944
7183
7532
5592
7192
2507
5802
3748
3687
6071
2726
2134
8740
6076
9091
4424
3716
7287
9598
8404
2246
7160
1266
5070
8767
57
3855
9102
3649
3567
1302
8614
7310
8389
9569
1730
640
2274
5409
8942
7268
876
8404
7343
3177
7856
3869
5018
5482
1003
9927
3698
7999
4670
6907
6709
7916
397
1997
9276
4231
8169
8117
9186
2788
4492
1200
471
3207
6498
7228
9504
3846
3346
2935
3073
8149
8848
5012
2669
6100
3777
7682
3608
4102
7208
2608
4291
8675
6787
4358
5897
2075
574
1657
2975
2239
7737
3460
5913
4057
3633
9691
6393
7884
7184
5999
7575
8160
4502
9477
6659
9094
880
9383
9174
7283
1602
6369
1753
5190
8214
1793
8432
1120
3342
8142
9631
5569
8494
1760
3918
1627
1849
8710
4625
1930
3565
9498
8603
4707
9494
3952
2790
7133
1381
2943
7751
2040
1919
9308
8786
4333
5266
6582
2787
896
4406
377
5522
9565
8079
593
1271
8003
4359
3230
2907
3778
5744
5791
5472
8038
3741
6495
280
9300
4381
9704
277
5706
6128
4346
6252
1052
5473
6631
3654
5361
3579
1410
8350
1446
2511
905
2640
6364
3675
1144
1475
4204
4127
4791
9045
2288
4731
2042
60
256
4334
6056
3534
3059
1063
1186
9654
1159
3808
7541
1473
3631
3959
3172
2519
1044
7307
9862
2172
4356
6004
6738
9984
6557
2292
2344
7657
5826
5039
6847
6192
7107
4995
6896
7020
6479
842
3453
3234
1596
6222
2928
5442
13
9066
444
3447
3285
7891
1207
6439
8916
7171
3557
7502
1712
3386
235
9782
8046
8953
9701
9612
1371
8078
2339
6494
4131
8117
7498
7192
7149
1970
6444
5159
6300
5265
6532
1643
5405
2171
61
1639
2217
3444
4765
7776
2891
2982
140
2508
600
6819
1271
7808
8745
7701
4475
8506
735
1041
6695
6587
2656
1842
6043
4584
834
6650
3480
6565
3828
7559
1394
3242
8238
4464
6863
6365
4265
1232
9175
1921
4284
1904
8491
9168
9723
7128
4453
838
9570
6430
7259
5923
4851
5577
9596
7812
1174
9682
2883
1931
5592
773
8731
6697
1005
3810
708
382
8337
9744
4502
109
3428
3042
4977
5253
3587
7948
2420
7215
3906
4949
7050
3618
3110
3169
4876
4669
5226
3104
7507
6205
7982
5179
483
1184
7862
5583
2110
5283
3250
6675
4801
6363
9347
6041
6645
2364
7029
4095
6857
1498
3043
974
6993
424
5060
7847
5432
1440
7709
4885
6232
4619
3758
1292
9711
8235
7773
7006
8676
634
9173
2601
1246
6009
9923
6351
9706
1199
7361
4329
7704
7614
3316
9373
2197
116
1653
7493
1720
4069
4832
4661
7945
170
5221
504
8270
8401
862
1482
3035
4133
3222
8790
7871
1587
9149
9823
316
3867
1136
4773
9431
1687
1282
5058
5112
174
5329
3660
1554
575
3780
9896
3306
2645
6802
3641
4855
2805
2508
2280
605
5800
1156
2044
134
791
4199
9745
3615
9863
4554
6117
4722
5837
2314
2009
8034
3354
6167
547
1408
7276
1495
8976
4716
7885
2684
2654
8347
7931
7471
7444
3245
5552
9117
3287
3388
5238
5032
1743
3358
2904
9646
5795
778
2034
7388
1986
2716
9355
9899
7319
8296
4145
897
462
7832
8148
7632
5603
7482
803
5535
788
1005
1050
5278
9455
6096
855
8030
1977
5541
3377
9011
2446
70
4944
7870
3691
7084
4920
8967
7248
7338
8134
1976
4979
1227
7558
1808
5935
2592
9836
4619
4463
9097
3536
4612
4240
7182
9273
6284
7586
2092
1048
8553
182
7870
34
5566
3265
8781
8235
2999
4098
3719
7881
2879
271
9088
8924
4577
1659
2459
4743
4712
4305
6282
5664
4836
8787
3880
8562
9896
188
6771
6094
8801
3132
2341
6451
8110
9052
6420
441
907
7151
7622
3001
3958
4631
1878
6759
6359
2934
6977
1452
7431
9556
3104
2220
8271
762
3756
5032
6863
4316
1525
8720
3324
7769
4392
9064
5785
8999
6114
5639
4088
7948
5301
4023
815
3042
8280
781
4730
3708
3891
4979
5690
3099
8263
5874
1117
1681
9484
6925
7005
6473
2099
6462
2995
6790
3128
8193
2325
282
7078
5210
3083
7670
9485
3645
7202
4183
7076
3109
9689
8872
2134
1706
3270
3412
5504
665
3343
8941
6804
3422
4421
161
8236
1890
5885
4566
8874
804
6196
9176
1714
4407
5932
5068
6608
1639
3853
7950
7710
8403
806
9122
6552
8529
3585
4207
894
6521
4860
8521
5599
4583
4218
7458
7891
1058
6296
9893
2773
5635
9528
7914
4065
4566
5494
2094
8269
6155
3245
5326
8568
5493
4174
7881
6583
3514
5636
2398
6514
9123
2115
6629
9280
9057
9884
4008
1996
4659
7568
5211
6131
9217
948
2865
233
297
5972
7666
7148
4290
6842
490
5044
8375
5983
5396
9781
6838
7085
5625
3995
6624
1450
1411
7078
736
456
2750
3772
9660
6202
1427
9733
5588
3318
9881
266
9855
2236
8159
6499
6084
7142
1018
6239
1043
7422
853
3116
4660
6526
5245
4986
9552
9339
3696
7216
4681
9768
6902
6943
5342
9380
9334
4014
98
2502
5492
1102
145
9770
8032
7950
1231
351
1211
2832
518
1130
9991
9911
8458
1398
4944
704
4713
1324
2391
1126
1856
6831
8248
6062
5213
2746
1442
4623
4440
4639
7146
1543
5754
6223
8286
9872
1067
6866
9226
1816
527
7270
8604
924
863
8339
4184
9565
1484
9866
8064
3473
2819
293
2010
9595
8066
8718
1697
83
8017
6266
6453
9372
8055
2311
9527
5195
9250
5022
9315
3857
1436
9920
6273
6665
1603
1893
6703
9567
7792
8279
1832
5349
2238
3490
4143
9906
1705
2637
3756
7419
5757
7827
958
5790
2587
4036
2076
1987
3734
5134
3920
3316
2586
1873
1975
926
3867
5576
3224
2201
5453
5974
4043
6901
1124
6678
3045
798
7469
3256
6118
432
6728
7759
8413
6463
571
7802
8104
8450
9414
9424
103
6196
8399
4266
6270
9918
5312
9958
9169
9800
6945
56
8816
458
5905
7129
9119
655
7806
838
1420
9470
7364
7146
791
1403
6736
4595
6030
2212
8043
4380
91
4647
581
5832
1985
3799
1546
1591
3908
5500
2230
5512
7437
2914
461
4679
4506
2494
996
1642
2950
6873
4737
1134
7190
5353
1126
704
6673
6531
9405
8962
7562
565
8960
3658
2063
7629
2670
1276
284
1330
4458
9186
8629
9693
1167
733
4966
452
6322
7847
5663
2776
8659
8933
4472
2256
7250
9033
4073
9552
9229
4419
6982
4696
9312
3533
8953
1185
1781
9457
1514
7792
3941
9153
4934
6963
6330
515
1177
1643
9506
2857
3864
9245
9606
4532
2935
493
4693
6546
273
1035
3889
3607
2615
3243
1993
8433
7303
9422
1502
8925
1678
3324
8934
8061
8351
1297
817
8903
5881
7094
8644
5330
2631
9544
2310
6491
1382
5355
1804
3909
6397
5330
1478
3793
3620
3408
2335
3490
6542
8167
3747
9426
3184
7795
4615
7509
3951
8395
3731
668
5898
928
7953
5568
8168
3304
9467
3834
4476
2328
6890
5695
7676
7209
8590
4127
6928
957
9500
6601
7448
7661
1860
6374
6088
4804
9792
5460
3580
3282
1749
6471
7201
4923
5887
7822
8084
4647
4843
7611
3448
3695
9945
7847
5590
711
4223
5545
2164
9293
9708
3199
9611
8823
5711
6823
1704
2931
4865
78
2221
3761
1689
7827
6557
9153
3476
4650
3848
2261
5007
4601
5272
3242
1033
6398
442
4064
1864
8287
1219
5727
1496
6418
547
3658
4726
5864
4922
7113
153
707
7908
2643
3774
3841
4285
5930
2523
2714
3722
6764
4081
3559
6605
5380
2398
6878
4679
2394
6839
907
371
9687
1176
3156
5117
7241
445
4686
493
4053
1469
1060
390
6683
9801
2359
1100
6974
9446
4582
3750
226
3249
6351
8204
9197
9441
6291
2884
3247
6586
3635
6489
3611
1495
1075
1374
27
7993
3412
8988
9513
9698
797
991
5862
3893
778
3816
2517
4611
2365
3855
8435
7005
9412
775
7471
7686
9212
5407
6156
3770
9356
6000
9734
8352
3167
5514
5709
7976
3
5077
5051
3098
8307
7298
5513
3842
2594
6311
5585
8419
199
2713
7283
8684
7531
2227
2734
3011
4069
1329
7953
4206
7402
2908
2942
6749
4066
7448
4142
2782
858
3859
1907
865
8877
1524
2633
291
3672
472
733
2391
940
2166
758
6716
1204
2130
9504
5682
9292
3799
4987
9802
6466
2053
9554
4098
8906
2348
758
719
8914
4554
3288
5222
8593
8764
7095
7072
4788
5915
8549
8971
9626
6177
1170
5199
6421
8839
1314
8962
8389
4088
3225
5656
8467
3176
4177
1577
9057
1744
9801
2143
1169
6351
4434
571
896
4031
553
9425
8042
3475
4440
7815
9003
1937
9516
688
9179
9642
49
1779
7331
3115
7496
4171
8917
8380
9635
1254
31
321
9026
2570
6136
1508
32
730
8899
3309
7954
5596
3241
5809
6317
8543
6133
7478
8084
5591
5522
3993
3211
6260
6090
580
5468
6969
5294
6106
9826
723
2302
4039
4754
9119
6840
7534
5690
8785
8067
915
5848
5248
2651
291
6872
345
1184
2963
8917
7735
8463
2874
3794
6369
1717
4481
8086
6610
4698
2859
793
4667
3273
4951
3847
88
7868
8403
6975
4464
4685
3953
9030
1272
7878
9424
1119
1823
1173
9996
5801
9115
9749
2341
6577
2697
1394
8706
2417
245
177
8168
8552
6007
1041
3560
1572
10
8372
8302
3196
598
5385
1125
2365
5990
1011
5488
4129
9551
5367
919
6494
688
9374
1763
5858
1467
2567
9665
5343
9224
3924
2004
8114
8419
5621
7162
4172
8917
6097
4716
9954
9718
453
5828
9389
1868
8037
9814
7258
4196
8182
4590
7934
337
2617
8728
6989
798
3994
9331
5403
4840
2781
7325
2491
7652
9580
7715
5251
3677
5172
1446
358
6083
814
2606
3761
8807
2917
460
7687
1763
25
4195
7056
2492
549
5725
779
1849
1538
6578
5487
4641
1985
5588
8997
4720
1210
1887
6338
9649
8004
1028
888
5913
8214
2683
1337
4653
3687
6638
2463
264
6731
5925
6208
2451
8285
2929
5637
1880
6961
6540
7352
1194
3512
8749
9483
7736
5101
632
5511
1608
5325
195
3877
6885
3520
8468
214
6682
9818
3722
5094
7089
1002
8417
6678
3005
1388
1716
131
2734
7407
2925
8401
2864
7618
4738
35
2466
9970
2737
2475
3215
2906
1824
3234
5525
5213
6864
7140
5070
8091
2898
3787
6293
7096
5305
8483
6291
7897
2638
6827
4915
7573
9359
4741
2976
2572
1111
7837
5642
291
2956
6511
6099
8173
9900
5773
9386
291
1641
3029
9874
1079
5516
4437
6159
7809
2296
9404
8462
4161
1754
4949
3334
7809
5837
9815
133
9199
9716
1020
8622
6829
7603
6398
2579
8742
1449
2550
8561
6825
951
1759
2316
9602
6643
6770
4091
7219
9244
6539
754
3435
9184
1272
1099
1185
5654
7199
7150
4161
3105
9548
6926
886
2437
6119
762
1067
7090
589
2611
8361
7025
1829
8657
7390
6102
3013
5007
2188
3372
9090
9237
1271
6143
130
7223
7347
6274
9337
7187
9298
4896
8802
5155
4301
9675
2275
9829
1036
5290
5803
6690
5829
759
6228
2380
6617
8051
6712
7024
5383
2183
625
6608
943
3263
7258
3837
838
7756
8551
9055
1216
8240
1615
8868
6914
5701
9485
3623
5742
7208
3370
4710
2071
8123
2756
1457
3569
2348
2986
4086
6346
8230
3142
8214
5477
5856
6013
5854
2334
2811
667
299
1399
2018
3233
6441
2526
2196
8132
7060
473
5276
5123
7033
7447
7243
8031
3716
6252
8038
2207
1194
7072
4557
7209
9803
2784
3659
2794
8952
2084
7418
1702
3966
8378
9809
2280
5564
9522
7400
1716
481
4902
6977
108
3315
5820
3675
8868
4007
7096
4865
3042
7461
2796
3136
9657
2653
1026
155
6771
7061
6627
8873
764
9197
4639
5347
1760
4688
9058
9852
4310
910
758
9494
2947
7086
6791
5434
3320
858
8956
2607
7585
4303
7651
9035
2535
5289
7672
3515
7357
4193
3792
9239
5663
5551
1844
9233
7685
3889
4647
2628
1871
4983
8771
853
5811
5246
5134
3069
4630
3763
2607
8399
875
3030
8531
9501
6544
7691
7730
942
4843
1374
4826
4053
9913
3861
8393
3188
5225
5154
1262
7112
3766
4816
71
837
